deconomy = 0.05882353
c2b = 0.11764706
2 = 0.23529412
b = 0.23529412
b2c = 0.11764706
c = 0.23529412
